-1182.311226492  -291.510635612  3978.397024351
-1168.956958062  -397.512149613  3966.658877578
-1191.866191377  -213.280896403  3987.819675182
-1192.024006434  -212.070920319  3987.924438333
-1225.370000000    13.012900000  3992.290000000
-1145.083722355  -462.138113890  4015.775744549
-1114.065527743  -532.343005736  4056.415061074
-1037.862083758  -673.078849060  4124.036993569
-1186.006568995  -429.417793486  4044.610757274
-1271.377486707  -457.888942562  4085.722623990
-1269.884228100  -699.736350499  4287.681125108
-1176.640624186  -909.997558493  4333.943788919
-1153.570723806  -984.486590381  4298.578132539
-1106.580332699  -416.883872189  4022.504859286
-1044.921983628  -423.777434392  3945.431922947
 -852.513721894  -673.240461226  3940.375635891
 -788.278084075  -896.375826655  3973.983405556
 -789.187270645  -981.225994055  3962.519337895
-1340.114637656    -4.410025584  4023.116811784
-1467.334600385   453.329592946  4005.124463219
-1691.304489453   608.018898344  3744.361816190
-1707.361744982   707.613576840  3817.219604815
-1699.526862796   729.537070454  3841.366919633
-1110.625362344    30.435825584  3961.463188216
-1099.926825994   426.906476402  4193.927166987
-1244.461027763   732.395054016  4026.975184103
-1156.755712101   775.881957999  4103.802394342
-1135.084560289   770.649882271  4128.857005529
