  -15.621777921  -830.578386917  3593.456183172
  -78.733860644  -610.480435643  3692.470215015
 -191.588074622  -573.848874249  3624.534207640
 -304.345032440  -290.150362111  3661.898534014
 -318.157700062   -51.413048004  3677.662057030
   29.455688033  -595.605402106  3763.425175889
   74.052987522  -333.163761915  3917.477787185
  125.251095086  -100.571164616  3890.746673610
 -179.729830682  -144.284727567  3713.707979661
 -178.644789178   328.955794481  3715.160134509
 -340.605912203   462.386851577  4034.538664469
   21.163630682  -166.641272433  3813.792020339
  142.662622781   287.397415620  3794.550968609
   45.794149725   643.515463224  3893.698751556
  -79.283100000  -155.463000000  3763.750000000
  -91.614789167  -373.225507266  3747.784898259
  -58.065971239  -680.633845256  3652.564617658
